📅 17.10.2025, 20:34 UTC
💱 Текущие цены:
SOL  =       183.28 USDT
AVAX =        20.09 USDT
SUI  =         2.44 USDT
APT  =         3.19 USDT
AAVE =       205.84 USDT
UNI  =         6.18 USDT
DOGE =       0.1857 USDT
PEPE =   0.00000671 USDT
GALA =     0.010750 USDT
LINK =        16.54 USDT
