📅 22.10.2025, 09:40 UTC
💱 Текущие цены:
SOL  =       184.00 USDT
AVAX =        19.44 USDT
SUI  =         2.40 USDT
APT  =         3.21 USDT
AAVE =       216.64 USDT
UNI  =         6.15 USDT
DOGE =       0.1906 USDT
PEPE =   0.00000680 USDT
GALA =     0.010740 USDT
LINK =        17.41 USDT
