📅 23.10.2025, 11:52 UTC
💱 Текущие цены:
SOL  =       187.96 USDT
AVAX =        19.42 USDT
SUI  =         2.44 USDT
APT  =         3.22 USDT
AAVE =       220.41 USDT
UNI  =         6.16 USDT
DOGE =       0.1935 USDT
PEPE =   0.00000683 USDT
GALA =     0.010730 USDT
LINK =        17.29 USDT
