📅 23.10.2025, 11:21 UTC
💱 Текущие цены:
SOL  =       189.15 USDT
AVAX =        19.50 USDT
SUI  =         2.46 USDT
APT  =         3.25 USDT
AAVE =       221.47 USDT
UNI  =         6.19 USDT
DOGE =       0.1945 USDT
PEPE =   0.00000687 USDT
GALA =     0.010780 USDT
LINK =        17.39 USDT
