📅 22.10.2025, 08:21 UTC
💱 Текущие цены:
SOL  =       184.24 USDT
AVAX =        19.50 USDT
SUI  =         2.40 USDT
APT  =         3.21 USDT
AAVE =       217.24 USDT
UNI  =         6.17 USDT
DOGE =       0.1909 USDT
PEPE =   0.00000683 USDT
GALA =     0.010790 USDT
LINK =        17.51 USDT
