📅 20.10.2025, 19:18 UTC
💱 Текущие цены:
SOL  =       187.74 USDT
AVAX =        20.36 USDT
SUI  =         2.58 USDT
APT  =         3.25 USDT
AAVE =       227.12 USDT
UNI  =         6.34 USDT
DOGE =       0.1981 USDT
PEPE =   0.00000710 USDT
GALA =     0.011390 USDT
LINK =        18.79 USDT
