📅 23.10.2025, 10:46 UTC
💱 Текущие цены:
SOL  =       188.80 USDT
AVAX =        19.54 USDT
SUI  =         2.46 USDT
APT  =         3.24 USDT
AAVE =       221.79 USDT
UNI  =         6.19 USDT
DOGE =       0.1953 USDT
PEPE =   0.00000688 USDT
GALA =     0.010810 USDT
LINK =        17.37 USDT
